1410807
2897992
2912430
2974104
2954454
2082241
2969592
2789281
2866766
2886295
2080237
2714912
2894544
2665206
2387292
2804767
2973911
2940160
2648928
2861860
2138385
2721384
2774132
2862496
2286032
2643654
2033673
2858230
2790031
2604037
2828512
1467767
2605714
2750880
2946815
941693
2931107
2945317
2617203
2615041
2473540
1738689
2844606
2699013
2885183
2953503
2440129
2910804
1707005
1573177
2560299
2787974
2611593
2906283
2728821
2755075
2758940
2791310
2352227
1638697
1855452
2839505
2032903
2806446
2960183
2856269
1952393
2547718
2927961
2688659
1824586
2724946
1723665
2450769
2612477
2678291
2909471
2679508
2722978
2933678
2809955
2855283
1866195
2916059
2886411
2784443
2601070
2821619
2836633
2750193
2278559
1246178
2833895
1930469
2360611
2926137
2794602
2201045
2763977
2552698
2955571
1771279
2287954
2784880
2831717
2921677
2626846
2832479
1514458
2903266
2805352
2086919
2128584
2957435
2740393
1871487
2849980
2900754
2857392
854676
2104818
2857346
2928744
2178651
2534021
2245976
2944646
2047936
2404098
2846938
2655414
1858776
2853695
2798549
2801900
2955363
2707101
1553280
2820945
2960023
2731683
2738674
2759668
2954434
2916989
2028477
2861512
2889118
2903369
2631796
1552525
2596479
2626559
2722086
2820034
2934420
2625676
2911574
2552856
2973186
2610601
2890735
1320693
2971896
2965011
2695516
2558565
2776019
2970629
2960998
2972129
2974179
669710
2190187
2960615
2654761
2772727
2932933
2957987
2201107
2714686
2423143
2688174
2343545
2403054
2905994
2328877
2368292
2902785
2505517
2923084
2974539
2973879
2871756
2649024
2870806
2913283
2673490
2512921
2735711
2920863
1263867
2363283
2082867
2610520
2765828
2916381
2368420
2923067
2909886
2933598
2551284
2888503
2795411
2909915
2971678
2925453
2426495
2758571
2685353
2283514
2714953
2974089
2865517
2761915
2070121
2952146
2618095
2709221
2973987
2898082
2644291
2648439
2372515
1568662
2732129
2507183
1764101
1958400
2962083
2644305
2840104
2885393
2315272
2769303
2909218
2488301
2590359
2892378
2716456
2704372
1515292
2724960
2857776
2415579
2765165
2530815
1736678
2936540
2263094
2833762
1282614
2864477
2783980
1337443
2302127
2047034
2297828
2891751
2899798
2902906
2831232
1798868
2112008
2894239
2777961
2899515
2703777
2641760
2634809
2006362
2753955
2752180
2919817
2884213
2777955
2970636
2806386
1974338
2865992
1075528
2828691
1959641
2672024
2672773
2733792
2620657
2793922
836031
2831218
2734857
2621388
2640656
2783972
2802947
2740079
2054124
2731258
2862400
2542382
2327167
2610728
2694641
2673991
2956824
2940626
2897340
1423302
1613053
2660304
2788850
2761328
2960203
2802913
2463878
2731544
2945483
2922112
2516716
2727037
2694160
2588439
1363302
2458358
2693932
2483709
2760842
2812509
2421605
2522202
2765225
2971801
2928317
2847195
2799854
2369204
2963281
1590740
2426767
2866261
2399229
2609971
2718855
2934751
2910593
2928466
2930097
2882499
2894247
1998572
2934662
2582285
2565829
2599936
2541553
2690183
2848461
2963167
2962743
2858201
2871399
2530954
2550314
2705407
1361926
2559439
2840610
2690904
2964321
2619816
2747028
2684685
2819112
2807846
2878456
2623533
2956966
2718167
2482188
2730264
2853142
2734931
1804789
2748229
2701986
2757701
2946302
2610858
2714944
2715949
2582813
2946635
2851793
2821681
2615664
2573638
1442462
2888127
2853565
2856808
2021367
2245932
2798298
2327743
2676907
2869466
1160412
2876151
1824809
2925944
2798124
2628309
2631710
2610357
2778656
2875631
2601718
2712094
2951209
2525083
2584946
2101763
2818979
2276407
2877902
1273418
2927505
2527719
2871377
2958654
1526791
2854930
1344665
1208162
2829054
2688482
2948304
2881515
1206421
2757863
