857790
2903475
2818368
2758328
2168534
2453054
2603441
2669822
2815107
2874147
1735350
2896924
2972037
2210601
1506655
449812
2865251
2719639
2874164
2966586
1506654
1707203
2756576
1638580
2913219
2222549
2927959
2276406
2784881
2703736
2918733
2765850
2758324
2874162
2790031
2456664
2093103
2131734
2574090
2697384
2717595
2542481
2210526
2615246
1991536
2788406
2945251
2602762
1270785
1579576
2935385
633284
2727912
2885618
2927715
1890132
2663726
2042820
2701661
2824748
2671777
2930260
2637837
2897040
1852739
1579575
2893624
2713529
2950793
2369101
2733771
2763110
1931160
1622492
2816903
2897458
2892083
2603274
2752943
2710826
2658348
2680601
1962016
2278997
2822605
2954633
2278586
2321005
1909390
2346890
2804480
2693982
2339729
1181475
1180639
1607675
1774177
1698705
2825394
2735838
2285933
2327044
1544904
2651537
2537399
2201433
1823207
2225573
2348889
2536942
2836397
2958478
430760
2205431
1885881
1572826
2762482
1783318
939442
2424985
1866362
2724752
2497957
1906486
2015104
2787486
2940160
2883582
2566612
2970697
1824146
2957572
2759885
2657279
2902948
847465
1769830
1467767
2641628
1747326
2692331
2516736
2604274
635288
2907045
2881185
2873553
596198
2885876
2766115
2679828
1311193
2464779
1002274
2791698
1308897
2693573
2821209
1533058
2573854
1813499
2974696
2736100
2941854
2732837
2742431
422144
2570902
2813198
2935512
2846941
1514439
1272909
2843445
2546291
2736099
2440129
2920881
2385964
2903667
2784598
2779275
2714904
2970649
1138225
2842045
2707583
2974089
2570936
1323880
2575906
2679562
83157
2884159
2947693
2679204
2763795
2541466
2687037
2973049
1855452
2893194
1797540
2892737
2184563
1190353
2540090
2721826
2851870
2702662
2641760
2711645
2605628
2175576
2795710
2345264
1974338
2524676
2581431
2572856
2848278
978355
2858479
1018268
2196025
2387364
2731008
2836354
2640656
2698716
2792264
2200372
2819765
2918384
2747858
2937155
2658391
2973583
2790280
1459921
2815954
2703774
2851896
2541460
2865065
2946629
1824128
2697352
2972358
2972006
2944834
1689501
1509744
2087638
2902041
2865066
2770279
2627643
1196975
2796996
2906283
2890381
2896957
2926001
1713994
2116208
2935297
2584365
2748168
2851117
1788670
2946815
2531857
2843609
2099831
1844664
2823516
2552384
2914049
2794439
2504664
2954679
2884161
2557029
2709200
2682574
2926687
2693111
2881754
1885712
2528293
2537319
2788887
2847845
2136114
2936039
2182650
2826168
2640973
2617203
2144421
2875239
2740627
2964550
2109643
2734670
833688
2936173
2808548
2807514
2804011
2568079
2268858
2578868
1144677
2872984
2807359
2813267
2483709
2822184
2712616
1813885
2857773
2547611
2761686
1930380
2836689
2447620
2897340
2728821
2629659
2867774
2942079
2828801
1393788
2552897
2501510
2662507
2968873
2497665
1643908
2921682
2934662
2765054
2886030
2926012
1672987
2893975
2679102
1984803
2385871
2770809
2754601
2806784
2912584
2196235
2829322
2506831
2891310
2942090
2556628
2550750
2882920
2755258
2507703
2691610
2953479
2546476
2921554
2848576
2778329
2645399
2618395
193256
2790487
2915737
2455182
2953849
267989
2908637
2702713
1845195
2806736
1844412
896501
2799612
2866614
2672109
2208611
2973604
2851832
542129
2626869
2291525
2710061
2738458
2234184
2752449
2207057
2899512
1238860
2334340
441777
2971801
1320087
2237426
2731965
2269197
2836413
2682844
2465799
2715949
2797188
2761762
2745368
2836462
2792178
2644395
2785794
923042
2757718
2759422
2662417
1834395
2821633
1526837
2588366
1356464
2736114
2972251
2867989
2283406
2833895
2842060
2200339
2716881
2856310
2717283
2933943
2922524
2767984
2462165
2287984
2603376
2218891
2335896
2737716
2488338
2736112
2968665
