847942
2966170
1545051
2939207
2815492
2805419
2896781
2409524
1690170
2177900
2544528
2857775
2790433
2643046
1469884
2939951
301218
2419910
517435
2881987
2773621
2603456
2833966
2002202
2967479
2849778
2949607
2798714
2950498
2384745
2773583
2369119
2784885
2949628
2407774
2848302
2825588
2774894
929406
1437940
2721511
2909431
2784892
2955527
2791138
2930243
2816143
2832244
2617491
2665127
2949907
2888414
2804279
2872989
2892283
2615615
2910537
2298683
2693601
2610224
2615617
2823334
2929716
2897598
2873301
2973214
1416249
2825653
2891970
457165
2868229
2883592
2407872
2973468
2490069
2483882
2972583
2549014
2490049
1179415
2874225
2893712
1873142
1901319
2865306
2685380
1795156
2905589
2742673
457148
2935143
2963447
2714659
2577975
2934439
2117351
2798325
2949726
2930222
2563504
2864477
2374911
2493532
2362676
2931107
2053555
2844925
1167569
2184452
2577818
2904499
2546535
2866237
2973210
2714927
1063221
2870216
2578490
2808574
2900605
2970636
2732129
2706643
2939660
2677128
2972466
2804179
1680083
2714143
2493408
2707372
2646791
2928390
2791024
2859026
2706658
2968933
2182244
1532642
2762578
2885048
2784314
2944147
2837667
1707005
2963868
2922237
1999010
2661659
2961328
2706624
1532626
2846557
2942881
2095281
2940749
2637465
2569766
2894731
2875771
2850898
2865166
2964548
2944021
2735586
2706538
2725632
2802707
1819733
2869466
2785363
2923946
2735599
2790405
2806507
1707203
2970369
2582581
2949612
2940876
2941567
2950496
2686609
2965138
2735575
2848383
2639686
2819088
2577939
2509794
2966794
2928088
2493537
2785953
2643964
2872941
2898723
2838305
2777255
2649509
2909270
2929148
2808418
2742442
2805509
2816903
2667166
1933676
2384373
2695722
2929072
2742454
2739827
2918044
2946894
2840720
2353370
2699917
2837552
1891001
1406215
2840104
2795710
2472860
881567
2898020
2729810
1894320
2788784
2744673
2965326
2757766
2846533
2620980
2912584
2744506
2898005
2527705
2966795
2754581
2954149
2118551
2861306
1341002
2946815
2729669
1934941
2933956
2164108
2848520
2617203
2880476
2518063
2785967
2794532
2942399
2479542
2952162
2774764
2716830
2899987
2945047
2936922
2974994
2893923
1590723
1198648
2887596
2661852
2728644
2954168
2890896
2949276
2848576
2925287
2640147
2867774
2957681
2779441
2453032
2919546
2799407
2915585
1979534
2155196
2663122
2645958
2627643
2623915
2701767
2919447
2643103
2923468
2802583
1643908
2456640
2903907
2797188
2866614
2817277
2663124
2733807
2703667
2577156
2833228
2458370
2893106
1302830
2507557
2618026
2339513
2834974
2926687
2465799
2918629
2942400
2732693
2899667
2794747
2971801
2113031
2729366
2860754
2533078
2458365
2913244
2779983
2861948
2928050
2775236
2844340
2348833
2761086
2631710
2531340
2406554
2626869
2051098
2853996
2835702
2142615
2791576
2893356
2935306
2651910
2926524
2814600
2755362
2802449
2881515
2932181
2853717
2661279
2530246
2746702
2763650
1515330
2740046
2861846
2807723
2926508
2770564
2663996
2545948
2233050
2225995
2927334
1356456
2575733
2793964
2755660
2549928
2819908
2809149
2238821
2591785
2797283
2861614
2903658
2796872
2163231
2876063
2756556
1741769
2523153
2782067
1617938
2872727
2845846
2146358
2841032
2862292
2720724
2142576
2889928
2694161
2785438
2731710
2951209
2827399
2634498
2832353
2834911
2801264
56201
2602372
2609558
2720730
2712683
2805532
2585235
2811118
2966620
2857608
2759738
2871819
938596
2935147
2883705
2855439
